0.0 -0.00885248028687402 0.0
0.3141592653589793 0.301454810260592 0.30522807006198244
0.6283185307179586 0.5715105773051214 0.5805782899772842
0.9424777960769379 0.7851502705875425 0.7990974617428044
1.2566370614359172 0.9218158257944624 0.9393954063135382
1.5707963267948966 0.9682180855224041 0.9877387833616438
1.8849555921538759 0.9198370281219147 0.9393954063135384
2.199114857512855 0.7814140672910708 0.7990974617428044
2.5132741228718345 0.5665003915627411 0.5805782899772843
2.827433388230814 0.29613359507815906 0.30522807006198255
3.141592653589793 -0.014173695469306968 1.209631139437538e-16
